15 371 897 914 1525 163 
0 276 898 914 1236 153 
3 551 899 919 1721 156 
181 199 895 9 1226 171 
10 515 898 913 318 152 
181 21 897 14 1561 165 
182 940 895 7 751 170 
173 456 898 18 1708 153 
171 438 898 2 1461 159 
1 34 899 902 1130 161 
6 907 898 924 400 154 
169 378 899 7 1286 153 
0 438 898 902 1587 158 
6 359 899 915 1569 147 
3 735 898 903 508 155 
1 135 899 904 1659 172 
5 394 899 916 223 151 
156 468 899 7 172 147 
1 478 896 902 183 170 
167 309 897 0 1411 163 
173 905 899 20 449 146 
1 219 896 898 1193 167 
159 783 899 2 229 155 
175 839 897 1 432 168 
4 573 899 911 47 167 
154 406 899 1 1503 149 
0 329 899 903 1756 154 
174 859 899 17 27 156 
5 565 897 910 1675 158 
3 840 899 924 7 153 
182 726 895 4 1634 176 
170 772 899 21 161 147 
169 308 899 0 1247 168 
176 305 898 5 79 167 
2 538 897 900 142 162 
175 452 899 28 1392 146 
181 889 897 3 323 158 
0 874 899 918 385 156 
7 868 898 907 24 169 
4 386 898 910 1385 157 
13 29 899 919 1357 153 
8 783 898 909 472 163 
179 416 897 3 1347 165 
1 120 897 900 1378 173 
152 160 899 1 1401 147 
167 541 898 10 64 152 
177 27 899 7 1164 165 
177 483 899 19 276 156 
180 3 898 3 1456 167 
168 158 899 3 1672 153 
11 719 898 918 390 156 
176 708 898 5 11 163 
9 432 899 914 64 151 
5 959 899 909 630 164 
5 924 896 907 578 171 
174 211 897 3 1135 162 
178 758 899 13 389 153 
912 1191 165 8 285 899 
171 168 896 1 1576 168 
2 846 897 911 216 161 
161 426 899 2 1668 154 
15 577 898 917 1524 160 
15 1007 899 919 576 157 
0 579 897 913 1625 160 
10 523 898 922 1620 156 
16 625 899 917 234 156 
167 749 897 2 88 161 
177 724 899 5 548 148 
0 153 898 913 1590 160 
178 326 897 3 1731 172 
20 912 898 919 415 156 
180 89 896 2 1046 171 
5 364 896 908 1482 167 
0 12 897 898 1271 180 
10 352 898 911 1688 155 
0 621 896 900 218 173 
4 84 898 903 1395 156 
169 31 897 3 1619 165 
171 409 899 16 107 152 
179 359 899 0 1346 172 
169 534 899 16 1484 149 
170 840 898 9 268 156 
4 420 899 904 174 150 
183 661 895 3 52 175 
167 97 899 5 1530 151 
180 297 896 4 1284 175 
7 640 899 928 1606 148 
180 406 897 9 43 170 
179 909 899 4 156 147 
25 969 899 928 318 146 
1 410 899 910 1465 157 
1 201 894 897 1136 178 
175 710 899 2 233 154 
178 1013 895 2 675 170 
6 111 899 922 1123 154 
5 293 899 926 133 146 
158 62 899 0 1263 146 
175 935 898 5 709 166 
32 972 899 932 396 146 
2 442 898 909 146 161 
172 664 899 2 1596 148 
11 44 898 911 1139 156 
169 292 898 7 1484 157 
6 751 898 914 412 159 
9 171 897 914 1651 161 
174 635 899 16 428 157 
15 63 898 922 964 152 
0 269 898 914 24 163 
16 967 898 917 669 160 
4 268 899 904 1653 167 
4 748 895 902 173 173 
5 505 895 906 45 172 
1 193 896 898 1708 165 
171 995 898 0 764 162 
12 268 899 916 1451 154 
173 446 898 12 1349 155 
4 253 898 916 1386 155 
173 987 898 2 708 168 
0 932 896 906 555 172 
177 834 898 5 395 152 
174 934 898 2 582 168 
3 290 899 916 1357 153 
181 65 894 1 1135 176 
164 544 899 0 282 156 
0 684 898 914 472 153 
163 576 899 5 416 148 
166 367 897 5 132 160 
0 792 896 909 217 169 
7 271 899 910 1592 161 
178 108 898 5 1387 163 
3 142 899 925 1682 150 
8 374 896 907 1747 169 
169 373 897 4 1596 162 
172 914 899 11 171 155 
182 599 896 10 62 167 
169 757 899 9 131 158 
171 25 899 15 1169 149 
180 122 897 10 1262 163 
155 216 899 3 1141 151 
162 757 899 9 327 146 
2 114 898 914 1466 153 
170 533 898 15 268 153 
175 873 898 2 652 160 
9 148 899 914 1396 154 
175 218 897 1 1535 161 
166 528 899 9 1574 151 
154 448 899 5 1540 148 
4 749 896 913 1681 164 
18 370 899 919 1401 157 
174 845 898 7 645 163 
179 910 898 16 44 157 
175 847 899 12 290 146 
171 979 899 18 380 150 
2 505 896 909 315 166 
177 675 898 14 91 157 
173 547 898 14 1496 153 
177 270 898 4 1638 153 
179 154 899 5 1182 163 
1 723 898 900 39 154 
164 664 897 4 307 158 
5 922 899 924 217 149 
0 947 896 899 11 177 
7 445 898 911 1504 159 
5 26 897 907 1012 163 
166 141 899 9 1134 146 
8 66 897 913 1153 158 
14 692 899 925 127 151 
4 108 896 910 1519 167 
5 528 899 907 329 158 
10 28 899 918 1559 154 
7 395 898 911 1600 158 
171 862 899 12 267 152 
8 17 898 920 1487 158 
173 633 899 1 265 171 
170 955 899 14 220 149 
0 164 899 908 1170 148 
6 889 899 927 254 151 
177 288 897 10 1603 159 
1 514 898 910 1636 166 
181 339 895 0 145 171 
7 172 897 909 1162 168 
